6
10
46 86 17 23 40 49 36 46 34 76 3 22 13 41 5 51 18 67 42 46 
5
94
14
39
46
23

25
76 192 112 154 30 66 116 199 39 40 75 170 4 89 8 117 99 152 72 75 110 232 50 112 45 111 26 103 24 88 115 220 105 149 100 190 14 112 1 4 57 58 10 86 40 55 70 147 9 36 
25
154
248
240
230
235
72
146
201
202
180
213
77
151
236
208
159
74
80
154
67
37
180
246
49
192

50
1 500 500 500 70 111 94 289 103 121 189 351 207 266 214 357 234 326 224 420 170 366 199 371 210 358 100 204 56 276 209 374 207 392 214 421 199 232 72 266 87 128 85 153 47 78 11 143 238 242 235 382 191 350 171 174 184 396 80 164 188 221 63 173 75 212 237 296 112 352 116 335 100 256 32 159 117 215 135 184 230 344 32 148 158 222 224 324 235 414 74 287 164 255 83 326 54 290 161 355 
50
1
242
132
155
475
445
38
251
151
122
369
455
277
279
77
112
121
309
139
313
251
302
256
74
54
372
207
65
463
269
39
345
490
327
304
388
440
281
333
489
260
443
67
371
351
183
260
246
395
355

15
94 94 184 184 33 33 196 233 143 338 158 162 61 214 142 263 141 170 197 344 102 208 70 226 178 244 75 112 29 152 
8
94
148
73
112
92
46
363
33

20
105 166 155 283 68 120 118 260 153 237 203 318 197 377 247 388 74 166 124 283 81 99 131 249 114 290 164 345 161 232 211 316 152 294 202 347 146 262 196 331 
15
162
366
38
283
8
156
119
204
248
125
132
165
212
203
197

15
125 164 59 125 9 208 129 279 121 161 179 328 75 135 81 276 25 64 177 279 37 145 71 217 186 348 184 287 196 224 
8
125
383
147
57
82
40
83
290

