6
10
49 66 36 61 34 74 9 18 10 57 26 30 1 30 18 25 1 4 18 48 
5
73
44
92
25
35

25
84 119 93 187 11 44 21 122 45 92 1 63 10 102 37 132 49 155 98 157 18 89 25 127 3 72 2 114 48 61 49 83 77 170 100 206 38 150 39 116 27 28 10 24 99 128 39 43 24 31 
25
26
34
161
221
70
108
170
53
224
17
185
243
179
90
240
107
163
179
123
52
19
136
120
97
143

50
1 500 500 500 3 183 7 69 49 242 132 165 63 98 234 259 187 354 168 201 160 169 210 351 214 274 135 368 186 425 65 134 233 313 152 233 133 283 199 247 12 32 168 371 61 235 130 188 129 322 12 105 197 303 157 219 211 265 85 334 219 241 2 181 133 348 170 331 61 182 122 153 178 392 145 211 151 351 38 192 56 166 55 83 151 336 84 96 233 362 213 245 222 447 148 270 39 171 71 309 
50
490
164
124
9
200
89
291
33
297
293
241
371
415
350
71
188
146
127
448
129
497
77
405
154
366
414
392
77
344
485
445
69
350
408
285
193
17
68
371
412
155
303
177
342
382
308
156
29
367
100

15
88 88 119 119 76 76 84 278 101 263 124 149 165 334 179 194 108 178 36 49 106 152 145 216 64 145 98 112 68 86 
8
88
298
129
244
283
95
374
76

20
197 234 247 317 156 349 206 374 62 202 112 301 84 147 134 273 22 127 72 263 69 106 119 253 183 225 233 312 15 24 65 212 77 193 127 296 80 234 130 317 
15
239
280
245
76
353
248
207
113
135
73
120
234
66
128
131

15
176 334 43 176 107 131 55 192 42 130 111 129 33 107 111 243 100 241 17 182 136 330 73 117 114 288 132 310 3 104 
8
176
380
97
356
347
54
370
148

